2021/1/12 462.67 50.0 297 2
2021/1/12 445.37 29.33 238 2
2021/1/13 372.76 33.33 397 1
2021/1/13 688.91 15.11 393 2
2021/1/13 304.61 116.67 410 1
2021/1/13 100.0 100.0 0 2
2021/1/13 100.0 100.0 0 3
2021/1/13 664.55 10.0 481 1
2021/1/13 418.23 52.31 87 3
2021/1/15 665.64 17.33 381 2
2021/1/15 649.9 15.71 352 2
2021/1/15 650.36 12.86 334 2
2021/1/15 621.74 20.95 202 3
2021/1/15 581.18 27.5 341 2
2021/1/15 692.35 3.56 167 3
2021/1/15 661.11 8.0 464 1
2021/1/15 100.0 100.0 0 1
2021/1/16 740.0 0.0 490 1
2021/1/16 704.0 0.0 454 1
2021/1/16 664.0 0.0 414 1
2021/1/16 680.69 16.5 393 2
2021/1/16 763.11 2.0 366 2
2021/1/16 68.12 286.67 394 1
2021/1/16 422.3 61.52 392 2
2021/1/17 718.64 12.0 428 2
2021/1/17 730.47 12.12 239 3
2021/1/17 739.2 13.33 467 2
2021/1/17 424.8 100.0 642 2
2021/1/17 233.75 100.0 675 1
2021/1/17 219.0 100.0 616 1
2021/1/17 234.75 100.0 679 1
2021/1/17 430.0 100.0 655 2 
2021/1/17 415.2 100.0 618 2
2021/1/17 580.5 100.0 581 3
2021/1/18 100.0 100.0 0 2
2021/1/18 400.4 100.0 581 2
2021/1/18 532.18 47.33 490 2
2021/1/19 550.5 100.0 521 3
2021/1/19 100.0 100.0 0 3
2021/1/19 100.0 100.0 0 3
2021/1/19 100.0 100.0 0 1
2021/1/19 100.0 100.0 0 2
2021/1/19 100.0 100.0 0 2
2021/1/19 495.33 37.91 357 2
2021/1/19 504.0 100.0 428 3
2021/1/19 416.34 21.67 427 1
2021/1/20 330.0 100.0 405 2
2021/1/20 386.84 60.0 315 2
2021/1/20 695.0 0.0 435 1
2021/1/21 100.0 100.0 0 2
2021/1/21 100.0 100.0 0 2
2021/1/21 100.0 100.0 0 2
2021/1/21 100.0 100.0 0 2
2021/1/21 100.0 100.0 0 2
2021/1/21 100.0 100.0 0 2
2021/1/21 100.0 100.0 0 2
2021/1/21 100.0 100.0 0 2
2021/1/21 100.0 100.0 0 2
2021/1/21 100.0 100.0 0 2
2021/1/21 100.0 100.0 0 2
2021/1/21 100.0 100.0 0 2
2021/1/21 823.65 4.17 278 3
2021/1/21 756.0 0.0 336 2
2021/1/21 632.45 6.67 499 1
2021/1/21 193.5 100.0 514 1
2021/1/21 100.0 100.0 0 2
2021/1/21 100.0 140.0 0 2
2021/1/21 100.0 140.0 0 2
2021/1/21 100.0 140.0 0 2
2021/1/21 216.0 100.0 120 2
2021/1/21 189.06 104.0 64 2
2021/1/21 100.0 100.0 0 2
2021/1/21 205.36 91.43 67 2
2021/1/21 356.56 96.0 450 2
2021/1/21 314.4 100.0 366 2
2021/1/21 100.0 100.0 0 2
2021/1/21 211.2 100.0 108 2
2021/1/21 216.0 100.0 120 2
2021/1/21 100.0 100.0 0 2
2021/1/22 100.0 100.0 0 2
2021/1/22 209.6 100.0 104 2
2021/1/22 439.0 100.0 298 3
2021/1/22 504.2 102.5 441 3
2021/1/22 100.0 100.0 0 3
2021/1/22 100.0 100.0 0 3
2021/1/22 100.0 100.0 0 3
2021/1/22 142.8 50.0 97 1
2021/1/23 287.42 95.0 277 2
2021/1/23 509.86 28.0 304 2
2021/1/23 100.0 100.0 0 1
2021/1/23 100.0 100.0 0 1
2021/1/23 499.64 25.0 267 2
2021/1/23 100.0 100.0 0 1
2021/1/24 247.6 100.0 199 2
2021/1/24 255.6 100.0 219 2
2021/1/25 334.0 100.0 88 3
2021/1/25 187.06 103.33 57 2
2021/1/25 212.0 100.0 110 2
2021/1/25 220.4 100.0 131 2
2021/1/25 100.0 100.0 0 1
2021/1/31 597.7 19.33 351 2
2021/5/16 589.45 13.86 292 2
2021/6/14 253.86 101.14 219 2
2021/6/23 207.85 103.33 110 2
